.Random.seed <-
c(10403L, 10L, -1405989463L, 2106023003L, -805518230L, -1587036916L, 
1376345935L, 1687067653L, -1283718468L, -1296346222L, 2013433997L, 
315532999L, 186822574L, 1993366024L, 1610882571L, -280586519L, 
-804228680L, 1316458086L, -1563866367L, -1765597805L, -1098729918L, 
-2121274892L, -826092553L, 1007298541L, -2136620924L, -1737582934L, 
-1172222955L, 1775172783L, 1525232310L, -1251807008L, -852542429L, 
1602437953L, 552914480L, -1382650802L, -885414727L, -465723189L, 
-838611590L, -480243588L, -1102891841L, 1003602325L, 1463634348L, 
802478978L, 1953063261L, 111206487L, -1314261186L, 2061139832L, 
-1271081893L, -429497415L, 1102782984L, -1306277706L, 289959921L, 
927947299L, -119745934L, 248793284L, -328049017L, -1017833891L, 
-108414892L, 1377979002L, 735130053L, 1561027359L, 1207848614L, 
376234032L, -331726125L, -295077647L, 1886258208L, 943162046L, 
-921868599L, -1221483397L, 1382160970L, -96919892L, 1785682351L, 
-246828699L, 290217756L, -118422670L, 2123661293L, 1325199399L, 
876881998L, -1057780568L, -163192149L, 1780262857L, -1689773096L, 
-1500583290L, 1735838561L, 408981235L, -1383050910L, -1508438060L, 
1126177495L, 623943885L, -990635932L, -1864927670L, -1119075403L, 
780508943L, -2013783018L, -969578816L, 1109688451L, 2047753377L, 
-380333424L, 191877486L, -1219637479L, -1292762197L, -1396706918L, 
-1781889700L, 2086911071L, -205503435L, 1229455308L, 2102016802L, 
1485784445L, 724207223L, 1018732446L, 1278901848L, -479438917L, 
-1505855143L, 1258255080L, 1844095766L, 1275231377L, -2131750589L, 
-1724777390L, 107069156L, -1065637593L, 1794050429L, 409223284L, 
1583555162L, 2085613221L, 218193087L, -1609556154L, 1567514064L, 
536567795L, 1485621009L, -747567296L, 1531997982L, 2142453737L, 
202085659L, -1464930518L, 1428709452L, 346253327L, 1640997701L, 
1995441404L, -627944622L, -667499315L, -1170905977L, -625254546L, 
640921928L, -1193872053L, 318871721L, 1760291320L, 1089534246L, 
2105453121L, -1926593581L, 1368412546L, 113767860L, 1018061111L, 
-700873683L, -801795772L, -1848367510L, 1597501653L, 1109761647L, 
-212362378L, -1682969440L, -169458333L, 338036225L, 592266608L, 
-1825041138L, 300504953L, -1269979381L, 1244891194L, 1392170812L, 
-582478721L, 4016085L, -1614140948L, -945468606L, 1977963677L, 
1048186135L, -2002205570L, -810353608L, -1911776485L, 2086703225L, 
648321224L, -1996541706L, -172011215L, -577930909L, -1287304398L, 
1438893188L, -9322297L, -1365353571L, 402431764L, -844884550L, 
1081422853L, 983820767L, 917335142L, -1394316304L, -1041058541L, 
1281788593L, -99293856L, -1838097666L, 833697417L, -1707802181L, 
1899191178L, 1507402348L, -947246097L, -177949659L, -1795224356L, 
1475568306L, 1902220717L, 918391143L, -361453938L, 2138558312L, 
-1272309909L, 756535561L, -407820392L, 2073198278L, -118461407L, 
1549945011L, -377294302L, -1250122732L, -848627561L, 985668237L, 
-881861724L, 988874122L, 965738997L, -291554225L, -91341994L, 
-766209536L, 513862467L, -31642911L, 334714960L, 1476753582L, 
-1427137447L, -2091414421L, 1478443482L, 1879300828L, 1089843282L, 
1643646080L, -835991724L, -1211260952L, 627716858L, 2054596432L, 
-1287044052L, -792360588L, 1254706834L, -547601824L, 289648780L, 
-1479290528L, -1116768030L, 330165416L, 172963532L, 12024316L, 
-228103246L, 1079591920L, -441630268L, 1303477592L, 1872343418L, 
1539387824L, -1449416260L, 394550868L, 1260730818L, -157211872L, 
-1151757380L, 1490137168L, 23895010L, -179323032L, -1545914548L, 
1856237308L, -684022030L, 690134272L, -1409885068L, 846089736L, 
1596138938L, -1636571696L, 468215788L, -876369004L, 751143122L, 
715732064L, 2029645132L, 975754016L, -930051454L, -696757784L, 
-2022253588L, -768160196L, 1999849074L, 1828170608L, 1846684964L, 
43063864L, -1259798118L, 639249872L, 1113343420L, -648270188L, 
244134530L, -660099648L, 1383405372L, 609256080L, -1304303838L, 
-719452664L, 948101900L, 954373020L, -227238894L, -2217088L, 
-1709708524L, -290786008L, -717160390L, -183356464L, -616580500L, 
-2104357836L, 1631383698L, -1875748512L, -1329619636L, 1962653152L, 
1221778338L, 1515633576L, -1614992244L, -1947180100L, 1784894578L, 
1832347632L, -407178172L, -1283430312L, 1432522810L, 314075248L, 
-395096516L, 244434708L, 2053532354L, 488936160L, -1871575940L, 
-2100974384L, 1134543778L, 1921220136L, 194646284L, 297236412L, 
-179601102L, 1753159872L, -901090764L, -615159096L, -625847622L, 
-2107695984L, 597571308L, -2083031468L, 1577662098L, -1413126368L, 
1556289484L, 298772704L, -817701182L, -1492659160L, 107641772L, 
-1536140612L, -281566734L, 397096496L, 220518308L, 794726840L, 
1347349338L, -1893079920L, 1576049532L, -207655148L, 974253378L, 
1518194432L, 63044540L, -1569444016L, 2105225506L, 1060768328L, 
1323964428L, -1277899684L, 535065042L, 992425472L, 1892725076L, 
-698453784L, 1689563386L, -659147056L, -739579604L, 815646964L, 
-1213653614L, 305916256L, 522463244L, 1647078112L, 2009920098L, 
-1604941144L, 2098776652L, -192833668L, -1149690574L, -697285008L, 
1899977540L, -1001351208L, -1345409158L, 1782922800L, -1314080836L, 
-134879660L, 1379735618L, 50303136L, -158257476L, 1104554448L, 
570458978L, -314301720L, -2003332916L, -738520580L, -46532110L, 
-1967093120L, 1543001588L, 506349192L, 777187130L, 87028560L, 
-632425364L, -391542380L, 743199826L, 1626507744L, -1138729780L, 
1217359008L, 1626101122L, -1217437464L, -253042964L, 410459452L, 
-708912014L, 1065611376L, 770705444L, 1225231416L, -654289126L, 
-1840395056L, -639969476L, -2104158316L, 1185192834L, -897084992L, 
-1425744324L, 889386384L, 1754211874L, 980024584L, -672123252L, 
-938957028L, -1746407278L, -1855399552L, 231943700L, 1168412456L, 
-167812550L, 1899935184L, 1000569196L, -1056459852L, 390125586L, 
353254880L, 2116112332L, 1515450592L, 328296482L, 483254568L, 
203718156L, 2053783356L, 831622130L, 1087695600L, -954309052L, 
186770008L, 1478663994L, 662779376L, 2313916L, -1275770604L, 
-227128638L, 1526766688L, -1193995396L, -647256112L, -1391443678L, 
-788473176L, 1138742156L, 1611327676L, -809494734L, -491513280L, 
947434740L, -462799227L, 531863503L, 60692168L, -1390981274L, 
-1841515117L, 462145269L, 1572890322L, -913657568L, -782130935L, 
-1042610629L, -1653711988L, -1750615526L, 105810575L, 632427993L, 
-1544422802L, 1111943676L, 1152355181L, 1363793175L, 612131040L, 
154031806L, -2113416053L, 1091281677L, 553321274L, 1351187320L, 
-1480881887L, -235085357L, 163533044L, 632910210L, -655821801L, 
-1040063775L, 1490705446L, 862013732L, 286018005L, 652764543L, 
509090840L, 1473942326L, -1201355325L, -483300347L, -67246174L, 
-475307120L, -1009162439L, 485708779L, -457136932L, 299236618L, 
1389896703L, -1556343223L, 948954078L, -1367671924L, -213181603L, 
293858151L, -1435115376L, 998276782L, 343841627L, 1168960317L, 
-214916694L, -600601016L, -235962767L, -1241440285L, -1881748764L, 
2055713298L, 990062055L, -1868746319L, -1440000010L, 2041129492L, 
820729125L, -1128544721L, 276784104L, -1314868026L, 775180659L, 
-1848968747L, 1339428274L, -753065088L, -1124264087L, -167871525L, 
759259948L, 1023933754L, -968293393L, 1606030969L, 2006864142L, 
-1389440804L, -1850054835L, 611247799L, 926311488L, -959144674L, 
-156706837L, 2030205805L, 2070755802L, 218444696L, -1068488191L, 
1183886259L, 116697812L, -2011931678L, -1871376777L, 1178687425L, 
-1760049850L, 1194710148L, 543013429L, 1696031263L, 377779576L, 
-1269590954L, 1100941539L, -1919730011L, -1660972222L, -1367795408L, 
-658849447L, -647163189L, -1861878980L, 1372803946L, 60113311L, 
-1348274135L, -1528593730L, -446344276L, 241238269L, 732392519L, 
-992011472L, 1137396814L, -411541381L, -1547070499L, -1981588982L, 
-420065496L, -15433327L, 489658243L, -113521532L, -2140063054L, 
-228360697L, 934100561L, -718252586L, -989353804L, -1901898555L, 
859411983L, -2022838648L, -2054593626L, -1623233709L, -476142411L, 
1270022674L, 992956384L, 457671241L, 1518372987L, -449136308L, 
2015489242L, -1139069745L, -1011922791L, -467827538L, -1948606020L, 
1994603053L, -1800892969L, -1112644576L, -1404008066L, 1586161483L, 
